geo_sim_final3.asc
ncols        80
nrows        44
xllcorner    0
yllcorner    0
cellsize     1
NODATA_value  -9999
[rows 0 to 24 of 44, columns 0 to 55 of 80]
-9999.0 -9999.0 -9999.0 -9999.0 -9999.0 -9999.0 -9999.0 -9999.0 -9999.0 -9999.0 -9999.0 -9999.0 -9999.0 -9999.0 -9999.0 291.547594742265 287.92360097775935 284.60498941515414 281.60255680657446 278.92651361962703 276.5863337187866 274.5906043549196 430.384048104053 431.5294643796591 433.41664064126337 436.0147050873544 439.2838827718412 443.1782106327635 447.648230602334 452.6433752247375 458.11388300841895 464.0121946685673 470.29386365926405 476.91806012954135 483.84776310850236 491.049731745428 498.49433241279206 506.15528128088306 514.0093455903269 522.0360331117452 530.2172886644267 538.5372088375312 546.9817807045694 555.5386467836128 564.1968962724582 572.9468812791235 581.7800560721074 590.6888370749728 599.666481275434 608.7069808086626 617.8049716414141 626.9556544854363 636.1547262794322 645.3983207834108 654.682957019364 664.0054944640259
-9999.0 -9999.0 -9999.0 -9999.0 -9999.0 -9999.0 -9999.0 -9999.0 -9999.0 -9999.0 -9999.0 -9999.0 -9999.0 -9999.0 -9999.0 282.31188426986205 278.5677655436824 275.13632984395207 272.02941017470886 269.2582403567252 266.8332812825267 264.76404589747455 420.41594578792296 421.6552506059644 423.6931687685298 426.4911064067352 430.0 434.1640786499874 438.92443989449805 444.22205101855957 450.0 456.20499351813305 462.78820596099706 469.7056274847714 476.91806012954135 484.3908891458577 492.09372712298546 500.0 508.0865204668481 516.3330765278394 524.7220505424423 533.238075793812 541.8677324489565 550.5992817228333 559.422435421457 568.3281572999748 577.308492477241 586.356421265527 595.4657340538831 604.6309242345563 613.8470965295044 623.1098884280702 632.4154027718932 641.7601498127012 651.1409973215888 660.5551275463989
-9999.0 -9999.0 -9999.0 -9999.0 -9999.0 -9999.0 -9999.0 -9999.0 -9999.0 -9999.0 -9999.0 -9999.0 -9999.0 -9999.0 -9999.0 273.1300056749533 269.2582403567252 265.70660511172844 262.48809496813374 259.6150997149434 257.0992026436488 254.95097567963924 410.4536101718726 411.8033988749895 414.0175425099138 417.04699910719626 420.83045973594574 425.29964086141666 430.384048104053 436.0147050873544 442.12670403551897 448.660687473185 455.56349186104046 462.78820596099706 470.29386365926405 478.04493814764857 486.01075237738274 494.16487838947603 502.4845673131659 510.9502310972899 519.5449840010015 528.2542442102665 537.0653918225939 545.9674775249769 554.9509756796392 564.0075756488817 573.1300056749533 582.311884269862 591.547594742265 600.8321791298265 610.1612483854165 619.5309061734092 628.9376840679705 638.3784863137726 647.8505426185218 657.3513677041127
-9999.0 -9999.0 -9999.0 -9999.0 -9999.0 -9999.0 -9999.0 -9999.0 -9999.0 -9999.0 -9999.0 -9999.0 -9999.0 -9999.0 -9999.0 264.0075756488817 260.0 256.3201123595259 252.98221281347037 250.0 247.3863375370596 245.15301344262525 400.4987562112089 401.9803902718557 404.4030650891055 407.7032961426901 411.8033988749895 416.619037896906 422.065556157337 428.06248474865697 434.5362404707371 441.4213562373095 448.660687473185 456.20499351813305 464.0121946685673 472.04650534085255 480.27756377319946 488.679622641132 497.2308292331602 505.91260281974 514.709105535839 523.606797749979 532.5940669922602 541.6609194718915 550.798724079689 560.0 569.2582403567252 578.5677655436824 587.9236009777594 597.32137494637 606.7572330035593 616.2277660168379 625.7299494980466 635.2610922848042 644.8187929913333 654.400902933387
-9999.0 -9999.0 -9999.0 -9999.0 -9999.0 -9999.0 -9999.0 -9999.0 -9999.0 -9999.0 -9999.0 -9999.0 -9999.0 -9999.0 -9999.0 254.95097567963924 250.79872407968907 246.98178070456936 243.51591323771842 240.41630560342614 237.69728648009425 235.3720459187964 233.45235059857504 231.94827009486403 230.8679276123039 230.21728866442675 230.0 230.21728866442675 230.8679276123039 231.94827009486403 233.45235059857504 235.3720459187964 237.69728648009425 240.41630560342614 243.51591323771842 246.98178070456936 250.79872407968907 254.95097567963924 259.42243542145695 264.1968962724581 269.2582403567252 274.5906043549196 280.178514522438 286.0069929215018 292.0616373302047 298.328677803526 304.7950130825634 311.44823004794875 318.27660925679095 325.2691193458119 332.41540277189324 339.7057550292606 347.1310991541957 354.682957019364 362.3534186398688 370.1351104664349
-9999.0 -9999.0 -9999.0 -9999.0 -9999.0 -9999.0 -9999.0 -9999.0 -9999.0 -9999.0 -9999.0 -9999.0 -9999.0 -9999.0 -9999.0 245.96747752497689 241.66091947189145 237.69728648009425 234.0939982143925 230.8679276123039 228.0350850198276 225.61028345356956 223.60679774997897 8246.211251235321 8544.00374531753 8944.27190999916 9433.981132056602 10000.0 10630.14581273465 11313.70849898476 12041.594578792296 12806.248474865697 13601.470508735443 14422.205101855956 15264.337522473747 16124.515496597098 17000.0 17888.54381999832 18788.294228055936 19697.71560359221 20615.528128088303 21095.023109728987 20248.456731316586 19416.4878389476 18601.075237738274 17804.493814764857 17029.386365926403 16278.820596099706 15556.349186104046 14866.068747318506 14212.670403551896 13601.470508735443 13038.404810405298 12529.964086141668 12083.045973594571 11704.699910719626
-9999.0 -9999.0 -9999.0 -9999.0 -9999.0 -9999.0 -9999.0 -9999.0 -9999.0 -9999.0 -9999.0 -9999.0 -9999.0 -9999.0 -9999.0 237.06539182259394 232.59406699226017 228.47319317591726 224.7220505424423 221.35943621178654 218.40329667841556 215.870331449229 7071.067811865476 7280.1098892805185 7615.773105863908 8062.257748298549 8602.325267042626 9219.544457292886 9899.494936611665 10630.14581273465 11401.754250991378 12206.555615733701 13038.404810405298 13892.443989449805 14764.8230602334 15652.475842498528 16552.94535724685 17464.24919657298 18384.776310850233 19313.207915827967 20248.456731316586 20591.260281974002 19723.082923316022 18867.962264113205 18027.756377319947 17204.650534085253 16401.219466856728 15620.499351813309 14866.068747318506 14142.135623730952 13453.62404707371 12806.248474865697 12206.555615733701 11661.903789690601 11180.339887498949 10770.329614269007
-9999.0 -9999.0 -9999.0 -9999.0 -9999.0 -9999.0 -9999.0 -9999.0 -9999.0 -9999.0 -9999.0 -9999.0 -9999.0 -9999.0 -9999.0 228.25424421026653 223.60679774997897 219.3171219946131 215.40659228538016 211.8962010041709 208.80613017821102 206.15528128088303 6082.76253029822 6324.555320336759 6708.203932499369 7211.102550927978 7810.249675906654 8485.28137423857 9219.544457292886 10000.0 10816.653826391968 11661.903789690601 12529.964086141668 13416.407864998739 14317.821063276353 15231.546211727817 16155.49442140351 17088.00749063506 18027.756377319947 18973.665961010276 19924.858845171275 20124.61179749811 19235.384061671342 18357.55975068582 17492.8556845359 16643.31697709324 15811.388300841896 15000.0 14212.670403551896 13453.62404707371 12727.922061357855 12041.594578792296 11401.754250991378 10816.653826391968 10295.630140987001 9848.857801796104
-9999.0 -9999.0 -9999.0 -9999.0 -9999.0 -9999.0 -9999.0 -9999.0 -9999.0 -9999.0 -9999.0 -9999.0 -9999.0 -9999.0 -9999.0 219.5449840010015 214.7091055358389 210.2379604162864 206.15528128088303 202.48456731316588 199.24858845171275 196.468827043885 5099.019513592784 5385.1648071345035 5830.951894845301 6403.1242374328485 7071.067811865476 7810.249675906654 8602.325267042626 9433.981132056602 10295.630140987001 11180.339887498949 12083.045973594571 13000.0 13928.38827718412 14866.068747318506 15811.388300841896 16763.054614240213 17720.04514666935 18681.541692269406 19646.8827043885 19697.71560359221 18788.294228055936 17888.54381999832 17000.0 16124.515496597098 15264.337522473747 14422.205101855956 13601.470508735443 12806.248474865697 12041.594578792296 11313.70849898476 10630.14581273465 10000.0 9433.981132056602 8944.27190999916
-9999.0 -9999.0 -9999.0 -9999.0 -9999.0 -9999.0 -9999.0 -9999.0 -9999.0 -9999.0 -9999.0 -9999.0 -9999.0 -9999.0 -9999.0 210.95023109728987 205.91260281974002 201.24611797498108 196.97715603592206 193.13207915827968 189.73665961010278 186.81541692269406 4123.105625617661 4472.13595499958 5000.0 5656.85424949238 6403.1242374328485 7211.102550927978 8062.257748298549 8944.27190999916 9848.857801796104 10770.329614269007 11704.699910719626 12649.110640673518 13601.470508735443 14560.219778561037 15524.174696260025 16492.422502470643 17464.24919657298 18439.088914585773 19416.4878389476 19313.207915827967 18384.776310850233 17464.24919657298 16552.94535724685 15652.475842498528 14764.8230602334 13892.443989449805 13038.404810405298 12206.555615733701 11401.754250991378 10630.14581273465 9899.494936611665 9219.544457292886 8602.325267042626 8062.257748298549
-9999.0 -9999.0 -9999.0 -9999.0 -9999.0 -9999.0 -9999.0 -9999.0 -9999.0 -9999.0 -9999.0 -9999.0 -9999.0 -9999.0 -9999.0 202.48456731316588 197.2308292331602 192.35384061671343 187.88294228055935 183.84776310850236 180.27756377319946 177.2004514666935 3162.2776601683795 3605.551275463989 4242.640687119285 5000.0 5830.951894845301 6708.203932499369 7615.773105863908 8544.00374531753 9486.832980505138 10440.306508910551 11401.754250991378 12369.316876852981 13341.664064126335 14317.821063276353 15297.058540778355 16278.820596099706 17262.676501632068 18248.28759089466 19235.384061671342 18973.665961010276 18027.756377319947 17088.00749063506 16155.49442140351 15231.546211727817 14317.821063276353 13416.407864998739 12529.964086141668 11661.903789690601 10816.653826391968 10000.0 9219.544457292886 8485.28137423857 7810.249675906654 7211.102550927978
-9999.0 -9999.0 -9999.0 -9999.0 -9999.0 -9999.0 -9999.0 -9999.0 -9999.0 -9999.0 -9999.0 -9999.0 -9999.0 -9999.0 -9999.0 194.164878389476 188.67962264113206 183.5755975068582 178.88543819998318 174.6424919657298 170.88007490635061 167.63054614240212 2236.06797749979 2828.42712474619 3605.551275463989 4472.13595499958 5385.1648071345035 6324.555320336759 7280.1098892805185 8246.211251235321 9219.544457292886 10198.039027185569 11180.339887498949 12165.52506059644 13152.946437965906 14142.135623730952 15132.745950421557 16124.515496597098 17117.24276862369 18110.770276274834 19104.9731745428 18681.541692269406 17720.04514666935 16763.054614240213 15811.388300841896 14866.068747318506 13928.38827718412 13000.0 12083.045973594571 11180.339887498949 10295.630140987001 9433.981132056602 8602.325267042626 7810.249675906654 7071.067811865476 6403.1242374328485
-9999.0 -9999.0 -9999.0 -9999.0 -9999.0 -9999.0 -9999.0 -9999.0 -9999.0 -9999.0 -9999.0 -9999.0 -9999.0 -9999.0 -9999.0 186.01075237738274 180.27756377319946 174.928556845359 170.0 165.52945357246847 161.55494421403512 158.11388300841895 1414.213562373095 2236.06797749979 3162.2776601683795 4123.105625617661 5099.019513592784 6082.76253029822 7071.067811865476 8062.257748298549 9055.385138137417 10049.87562112089 11045.36101718726 12041.594578792296 13038.404810405298 14035.668847618199 15033.296378372908 16031.219541881399 17029.386365926403 18027.756377319947 19026.297590440445 18439.088914585773 17464.24919657298 16492.422502470643 15524.174696260025 14560.219778561037 13601.470508735443 12649.110640673518 11704.699910719626 10770.329614269007 9848.857801796104 8944.27190999916 8062.257748298549 7211.102550927978 6403.1242374328485 5656.85424949238
-9999.0 -9999.0 -9999.0 -9999.0 -9999.0 -9999.0 -9999.0 -9999.0 -9999.0 -9999.0 -9999.0 -9999.0 -9999.0 -9999.0 -9999.0 178.04493814764857 172.04650534085255 166.43316977093238 161.24515496597098 156.5247584249853 152.31546211727817 148.66068747318505 1000.0 2000.0 3000.0 4000.0 5000.0 6000.0 7000.0 8000.0 9000.0 10000.0 11000.0 12000.0 13000.0 14000.0 15000.0 16000.0 17000.0 18000.0 19000.0 18248.28759089466 17262.676501632068 16278.820596099706 15297.058540778355 14317.821063276353 13341.664064126335 12369.316876852981 11401.754250991378 10440.306508910551 9486.832980505138 8544.00374531753 7615.773105863908 6708.203932499369 5830.951894845301 5000.0
-9999.0 -9999.0 -9999.0 -9999.0 -9999.0 -9999.0 -9999.0 -9999.0 -9999.0 -9999.0 -9999.0 -9999.0 -9999.0 -9999.0 -9999.0 170.29386365926402 164.01219466856728 158.11388300841895 152.64337522473747 147.648230602334 143.17821063276352 139.2838827718412 1414.213562373095 2236.06797749979 3162.2776601683795 4123.105625617661 5099.019513592784 6082.76253029822 7071.067811865476 8062.257748298549 9055.385138137417 10049.87562112089 11045.36101718726 12041.594578792296 13038.404810405298 14035.668847618199 15033.296378372908 16031.219541881399 17029.386365926403 18027.756377319947 19026.297590440445 18110.770276274834 17117.24276862369 16124.515496597098 15132.745950421557 14142.135623730952 13152.946437965906 12165.52506059644 11180.339887498949 10198.039027185569 9219.544457292886 8246.211251235321 7280.1098892805185 6324.555320336759 5385.1648071345035 4472.13595499958
-9999.0 -9999.0 -9999.0 -9999.0 -9999.0 -9999.0 -9999.0 -9999.0 -9999.0 -9999.0 -9999.0 -9999.0 -9999.0 -9999.0 -9999.0 162.78820596099706 156.20499351813308 150.0 144.22205101855957 138.92443989449805 134.1640786499874 130.0 2236.06797749979 2828.42712474619 3605.551275463989 4472.13595499958 5385.1648071345035 6324.555320336759 7280.1098892805185 8246.211251235321 9219.544457292886 10198.039027185569 11180.339887498949 12165.52506059644 13152.946437965906 14142.135623730952 15132.745950421557 16124.515496597098 17117.24276862369 18110.770276274834 19026.297590440445 18027.756377319947 17029.386365926403 16031.219541881399 15033.296378372908 14035.668847618199 13038.404810405298 12041.594578792296 11045.36101718726 10049.87562112089 9055.385138137417 8062.257748298549 7071.067811865476 6082.76253029822 5099.019513592784 4123.105625617661
-9999.0 -9999.0 -9999.0 -9999.0 -9999.0 -9999.0 -9999.0 -9999.0 -9999.0 -9999.0 -9999.0 -9999.0 -9999.0 -9999.0 -9999.0 155.56349186104046 148.66068747318505 142.12670403551894 136.01470508735443 130.384048104053 125.29964086141668 120.83045973594572 3162.2776601683795 3605.551275463989 4242.640687119285 5000.0 5830.951894845301 6708.203932499369 7615.773105863908 8544.00374531753 9486.832980505138 10440.306508910551 11401.754250991378 12369.316876852981 13341.664064126335 14317.821063276353 15297.058540778355 16278.820596099706 17262.676501632068 18248.28759089466 19000.0 18000.0 17000.0 16000.0 15000.0 14000.0 13000.0 12000.0 11000.0 10000.0 9000.0 8000.0 7000.0 6000.0 5000.0 4000.0
-9999.0 -9999.0 -9999.0 -9999.0 -9999.0 -9999.0 -9999.0 -9999.0 -9999.0 -9999.0 -9999.0 -9999.0 -9999.0 -9999.0 -9999.0 148.66068747318505 141.4213562373095 134.53624047073708 128.06248474865697 122.06555615733703 116.61903789690601 111.80339887498948 4123.105625617661 4472.13595499958 5000.0 5656.85424949238 6403.1242374328485 7211.102550927978 8062.257748298549 8944.27190999916 9848.857801796104 10770.329614269007 11704.699910719626 12649.110640673518 13601.470508735443 14560.219778561037 15524.174696260025 16492.422502470643 17464.24919657298 18439.088914585773 19026.297590440445 18027.756377319947 17029.386365926403 16031.219541881399 15033.296378372908 14035.668847618199 13038.404810405298 12041.594578792296 11045.36101718726 10049.87562112089 9055.385138137417 8062.257748298549 7071.067811865476 6082.76253029822 5099.019513592784 4123.105625617661
-9999.0 -9999.0 -9999.0 -9999.0 -9999.0 -9999.0 -9999.0 -9999.0 -9999.0 -9999.0 -9999.0 -9999.0 -9999.0 -9999.0 -9999.0 142.12670403551894 134.53624047073708 127.27922061357856 120.41594578792296 114.0175425099138 108.16653826391969 102.95630140987001 5099.019513592784 5385.1648071345035 5830.951894845301 6403.1242374328485 7071.067811865476 7810.249675906654 8602.325267042626 9433.981132056602 10295.630140987001 11180.339887498949 12083.045973594571 13000.0 13928.38827718412 14866.068747318506 15811.388300841896 16763.054614240213 17720.04514666935 18681.541692269406 19104.9731745428 18110.770276274834 17117.24276862369 16124.515496597098 15132.745950421557 14142.135623730952 13152.946437965906 12165.52506059644 11180.339887498949 10198.039027185569 9219.544457292886 8246.211251235321 7280.1098892805185 6324.555320336759 5385.1648071345035 4472.13595499958
-9999.0 -9999.0 -9999.0 -9999.0 -9999.0 -9999.0 -9999.0 -9999.0 -9999.0 -9999.0 -9999.0 -9999.0 -9999.0 -9999.0 -9999.0 136.01470508735443 128.06248474865697 120.41594578792296 113.13708498984761 106.3014581273465 100.0 94.33981132056603 6082.76253029822 6324.555320336759 6708.203932499369 7211.102550927978 7810.249675906654 8485.28137423857 9219.544457292886 10000.0 10816.653826391968 11661.903789690601 12529.964086141668 13416.407864998739 14317.821063276353 15231.546211727817 16155.49442140351 17088.00749063506 18027.756377319947 18973.665961010276 19235.384061671342 18248.28759089466 17262.676501632068 16278.820596099706 15297.058540778355 14317.821063276353 13341.664064126335 12369.316876852981 11401.754250991378 10440.306508910551 9486.832980505138 8544.00374531753 7615.773105863908 6708.203932499369 5830.951894845301 5000.0
-9999.0 -9999.0 -9999.0 -9999.0 -9999.0 -9999.0 -9999.0 -9999.0 -9999.0 -9999.0 -9999.0 -9999.0 -9999.0 -9999.0 -9999.0 130.384048104053 122.06555615733703 114.0175425099138 106.3014581273465 98.99494936611666 92.19544457292886 86.02325267042627 7071.067811865476 7280.1098892805185 7615.773105863908 8062.257748298549 8602.325267042626 9219.544457292886 9899.494936611665 10630.14581273465 11401.754250991378 12206.555615733701 13038.404810405298 13892.443989449805 14764.8230602334 15652.475842498528 16552.94535724685 17464.24919657298 18384.776310850233 19313.207915827967 19416.4878389476 18439.088914585773 17464.24919657298 16492.422502470643 15524.174696260025 14560.219778561037 13601.470508735443 12649.110640673518 11704.699910719626 10770.329614269007 9848.857801796104 8944.27190999916 8062.257748298549 7211.102550927978 6403.1242374328485 5656.85424949238
-9999.0 -9999.0 -9999.0 -9999.0 -9999.0 -9999.0 -9999.0 -9999.0 -9999.0 -9999.0 -9999.0 -9999.0 -9999.0 -9999.0 -9999.0 125.29964086141668 116.61903789690601 108.16653826391969 100.0 92.19544457292886 84.85281374238569 78.10249675906654 72.11102550927978 8246.211251235321 8544.00374531753 8944.27190999916 9433.981132056602 10000.0 10630.14581273465 11313.70849898476 12041.594578792296 12806.248474865697 13601.470508735443 14422.205101855956 15264.337522473747 16124.515496597098 17000.0 17888.54381999832 18788.294228055936 19697.71560359221 19646.8827043885 18681.541692269406 17720.04514666935 16763.054614240213 15811.388300841896 14866.068747318506 13928.38827718412 13000.0 12083.045973594571 11180.339887498949 10295.630140987001 9433.981132056602 8602.325267042626 7810.249675906654 7071.067811865476 6403.1242374328485
-9999.0 -9999.0 -9999.0 -9999.0 -9999.0 -9999.0 -9999.0 -9999.0 -9999.0 -9999.0 -9999.0 -9999.0 -9999.0 -9999.0 -9999.0 120.83045973594572 111.80339887498948 102.95630140987001 94.33981132056603 86.02325267042627 78.10249675906654 70.71067811865476 64.03124237432849 58.309518948453004 53.85164807134504 50.99019513592785 50.0 50.99019513592785 53.85164807134504 58.309518948453004 64.03124237432849 70.71067811865476 78.10249675906654 86.02325267042627 94.33981132056603 102.95630140987001 111.80339887498948 120.83045973594572 130.0 139.2838827718412 148.66068747318505 158.11388300841895 167.63054614240212 177.2004514666935 186.81541692269406 196.468827043885 206.15528128088303 215.870331449229 225.61028345356956 235.3720459187964 245.15301344262525 254.95097567963924 264.76404589747455 274.5906043549196 284.42925306655786 294.27877939124323
-9999.0 -9999.0 -9999.0 -9999.0 -9999.0 -9999.0 -9999.0 -9999.0 -9999.0 -9999.0 -9999.0 -9999.0 -9999.0 -9999.0 -9999.0 117.04699910719626 107.70329614269008 98.48857801796103 89.44271909999159 80.62257748298549 72.11102550927978 64.03124237432849 56.568542494923804 50.0 44.721359549995796 41.23105625617661 40.0 41.23105625617661 44.721359549995796 50.0 56.568542494923804 64.03124237432849 72.11102550927978 80.62257748298549 89.44271909999159 98.48857801796103 107.70329614269008 117.04699910719626 126.49110640673518 136.01470508735443 145.60219778561037 155.24174696260025 164.92422502470643 174.6424919657298 184.39088914585773 194.164878389476 203.9607805437114 213.7755832643195 223.60679774997897 233.45235059857504 243.31050121192877 253.17977802344328 263.0589287593181 272.9468812791236 282.842712474619 292.7456233660889
-9999.0 -9999.0 -9999.0 -9999.0 -9999.0 -9999.0 -9999.0 -9999.0 -9999.0 -9999.0 -9999.0 -9999.0 -9999.0 -9999.0 -9999.0 114.0175425099138 104.40306508910551 94.86832980505139 85.44003745317531 76.15773105863909 67.0820393249937 58.309518948453004 50.0 42.426406871192846 36.05551275463989 31.622776601683796 30.0 31.622776601683796 36.05551275463989 42.426406871192846 50.0 58.309518948453004 67.0820393249937 76.15773105863909 85.44003745317531 94.86832980505139 104.40306508910551 114.0175425099138 123.6931687685298 133.41664064126334 143.17821063276352 152.97058540778355 162.78820596099706 172.6267650163207 182.4828759089466 192.35384061671343 202.23748416156684 212.13203435596427 222.03603311174518 231.94827009486403 241.86773244895647 251.79356624028344 261.72504656604804 271.6615541441225 281.60255680657446 291.547594742265
